1.067700e+01
6.144210e+01
1.013010e+02
1.300730e+02
1.670170e+02
2.144540e+02
2.753650e+02
3.535750e+02
4.539990e+02
5.829470e+02
7.485180e+02
9.611170e+02
1.089090e+03
1.234100e+03
1.398420e+03
1.584610e+03
1.795600e+03
2.034680e+03
2.305600e+03
2.612590e+03
2.960450e+03
3.354630e+03
3.801290e+03
4.307430e+03
4.880950e+03
5.530840e+03
6.267270e+03
7.101740e+03
8.047330e+03
9.118820e+03
1.033330e+04
1.170880e+04
1.326780e+04
1.503440e+04
1.703620e+04
1.930450e+04
2.187490e+04
2.478750e+04
2.808790e+04
3.182780e+04
4.086770e+04
5.247520e+04
6.737950e+04
8.651700e+04
1.110900e+05
1.426420e+05
1.831560e+05
2.351780e+05
3.019740e+05
3.877420e+05
4.393690e+05
4.978710e+05
5.641610e+05
6.392790e+05
7.243980e+05
8.208500e+05
9.301450e+05
1.053990e+06
1.194330e+06
1.353350e+06
1.737740e+06
2.231300e+06
2.865050e+06
3.678790e+06
4.723670e+06
6.065310e+06
7.788010e+06
1.000000e+07
1.284030e+07
1.648720e+07
2.000000e+07
